gene	pos	WT	MT
Tetraymena	176	3.41767543	1.37727920
Tetraymena	177	0.00212039	0.74553733
Tetraymena	178	0.00000000	0.04241299
Tetraymena	179	0.04594891	0.01827873
Tetraymena	180	0.00000000	0.07886323
Tetraymena	181	0.00000000	0.12178287
Tetraymena	182	0.00000000	0.02917360
Tetraymena	183	0.00000000	0.21992947
Tetraymena	184	0.29179185	0.82658479
Tetraymena	185	2.69566006	2.83164514
Tetraymena	186	12.08399390	5.27486485
Tetraymena	187	1.77359911	3.78495812
Tetraymena	188	0.05660485	0.41118922
Tetraymena	189	0.00000000	0.00000000
Tetraymena	190	0.00000000	0.00000000
Tetraymena	191	0.00000000	0.02814874
Tetraymena	192	0.00000000	0.02199719
Tetraymena	193	0.01532883	0.06863809
Tetraymena	194	0.01935646	0.04714563
Tetraymena	195	0.00000002	0.05645259
Tetraymena	196	0.00000000	0.02086131
Tetraymena	197	0.00000000	0.01086875
Tetraymena	198	0.00000000	0.00000000
Tetraymena	199	0.00000000	0.01354985
Tetraymena	200	0.00000000	0.00000000
Tetraymena	201	0.00000000	0.00000000
Tetraymena	202	0.00000000	0.04551345
Tetraymena	203	0.06431300	0.01551479
Tetraymena	204	0.00000000	0.00000000
Tetraymena	205	1.16257939	1.39653804
Tetraymena	206	8.77589925	6.98539157
Tetraymena	207	19.87142167	8.73261069
Tetraymena	208	0.95776304	6.61944464
Tetraymena	209	0.00000000	0.00000000
Tetraymena	210	0.16860204	0.00000135
Tetraymena	211	0.00000000	0.09516498
Tetraymena	212	0.39209641	0.21675909
Tetraymena	213	0.85951842	0.41780094
Tetraymena	214	0.40604208	0.51776229
Tetraymena	215	0.09450161	0.11670097
Tetraymena	216	0.07419279	0.05484319
Tetraymena	217	0.15367320	0.24313834
Tetraymena	218	0.76290791	0.39365870
Tetraymena	219	0.06000115	0.17177823
Tetraymena	220	0.00466128	0.05815712
Tetraymena	221	0.12276417	0.14487708
Tetraymena	222	0.15359321	0.13804690
Tetraymena	223	0.06329958	0.09010097
Tetraymena	224	0.02704952	0.07102712
Tetraymena	225	0.22009534	0.20885494
Tetraymena	226	0.16765357	0.19609043
Tetraymena	227	0.06112579	0.14084209
Tetraymena	228	0.11469196	0.15568667
Tetraymena	229	0.03149783	0.07266238
Tetraymena	230	0.02919995	0.07476737
Tetraymena	231	0.03606193	0.07889664
Tetraymena	232	0.11470782	0.17809295
Tetraymena	233	0.14993966	0.13247502
Tetraymena	234	0.13035880	0.14629684
Tetraymena	235	0.17271030	0.13291643
Tetraymena	236	0.00100445	0.00003596
Tetraymena	237	0.04604660	0.00000000
Tetraymena	238	0.10847530	0.60029725
Tetraymena	239	0.02632894	3.56220608
Tetraymena	240	0.00000000	5.93272486
Tetraymena	241	0.00000000	0.37209792
Tetraymena	242	0.68106052	1.47301148
Tetraymena	243	14.87715842	11.72148436
Tetraymena	244	5.92794692	3.08484994
Tetraymena	245	5.01523145	3.62205695
Tetraymena	246	0.48185691	0.52076498
Tetraymena	247	6.42079450	3.67960460
Tetraymena	248	0.00000000	1.08459030
Tetraymena	249	0.00000000	0.40983789
Tetraymena	250	0.02597457	0.49912607
Tetraymena	251	0.08140101	5.87344325
Tetraymena	252	0.07057341	1.15554377
Tetraymena	253	0.25647371	0.05388454
Tetraymena	254	0.07055015	0.02453021
Tetraymena	255	0.18387840	0.14813037
Tetraymena	256	0.18644287	0.30334333
Tetraymena	257	1.10584493	0.97560831
Tetraymena	258	0.05022118	0.19889216
Tetraymena	259	0.11960829	0.17135955
Tetraymena	260	0.19503283	0.28225722
Tetraymena	261	0.18328002	0.33937311
Tetraymena	262	0.16342161	0.27216806
Tetraymena	263	0.38162319	0.65268250
Tetraymena	264	0.19085027	0.30683910
Tetraymena	265	0.31920743	0.46275838
Tetraymena	266	0.11295432	0.17429797
Tetraymena	267	0.19110840	0.30166400
Tetraymena	268	0.25659676	0.44404623
Tetraymena	269	0.68623179	0.87186032
Tetraymena	270	0.31810310	0.37422298
Tetraymena	271	1.45971524	1.97783207
FTL6	18	1.44578211	3.59961501
FTL6	19	1.01069264	0.02997290
FTL6	20	0.00000866	0.03486249
FTL6	21	0.06718178	0.02151718
FTL6	22	0.03771584	0.00436781
FTL6	23	0.11706119	0.29815239
FTL6	24	0.02919247	0.00696198
FTL6	25	0.03867579	0.20838284
FTL6	26	0.01940964	0.16793703
FTL6	27	0.22031354	0.27515765
FTL6	28	0.85436227	0.00967197
FTL6	29	0.00000114	0.48215667
FTL6	30	0.01633370	0.05612467
FTL6	31	0.04843609	0.03355578
FTL6	32	1.28973281	0.04980258
FTL6	33	0.04947290	0.05099715
FTL6	34	0.81568903	0.07132522
FTL6	35	0.00000000	0.04433514
FTL6	36	0.00021796	0.01751656
FTL6	37	0.00278739	0.02324798
FTL6	38	0.02491979	0.01776352
FTL6	39	0.00000482	0.01743425
FTL6	40	0.22618365	0.01961059
FTL6	41	1.14790331	0.02069953
FTL6	42	5.00281695	0.02446529
FTL6	43	0.75511245	0.02133018
FTL6	44	1.33139485	0.01761383
FTL6	45	0.79232538	0.01510023
FTL6	46	0.19653929	0.01769092
FTL6	47	0.17846841	0.01777906
FTL6	48	0.03179067	0.01832958
FTL6	49	0.06945702	0.01697891
FTL6	50	0.06163230	0.01631863
FTL6	51	0.06710159	0.03091146
FTL6	52	0.03177926	0.02066672
FTL6	53	0.05495659	0.01999861
FTL6	54	0.05816331	0.01840593
FTL6	55	0.05453566	0.01680333
FTL6	56	0.08740515	0.03682704
FTL6	57	0.05853333	0.02172622
FTL6	58	0.06594675	0.02066520
FTL6	59	0.07301263	0.01434226
FTL6	60	0.03021630	0.01152689
FTL6	61	0.33508378	0.02093634
FTL6	62	0.22652422	0.09715451
FTL6	63	1.11860058	0.25821214
FTL6	64	0.00000052	0.01112611
FTL6	65	0.08460021	0.05876060
FTL6	66	0.18161056	0.09037754
FTL6	67	0.56084891	0.27122113
FTL6	68	0.16498508	0.11177353
FTL6	69	0.71674684	0.19473192
FTL6	70	1.07170734	0.06491524
FTL6	71	0.14084496	0.00033986
FTL6	72	0.46501012	0.04247937
FTL6	73	1.22241105	0.04220932
FTL6	74	1.24849132	0.04842815
FTL6	75	0.04687190	0.00658784
HIV	111	0.25496144	0.15899420
HIV	112	0.67404061	0.63703039
HIV	113	1.91699636	0.45711557
HIV	114	2.47523622	0.83664898
HIV	115	1.26670186	0.74748011
HIV	116	3.13478261	3.06563029
HIV	117	4.45680695	0.57205447
HIV	118	1.06481485	0.76362051
HIV	119	0.63996056	1.34980583
HIV	120	1.11445678	0.76672990
HIV	121	0.33173550	0.04114298
HIV	122	0.00746700	0.00000000
HIV	123	0.15617992	0.00000000
HIV	124	0.00000000	0.10840534
HIV	125	0.50071693	2.09598534
HIV	126	0.94352007	3.04567087
HIV	127	1.84377290	0.54584196
HIV	128	0.62119982	0.14842175
HIV	129	0.29274572	0.19618515
HIV	130	1.24870452	0.40832142
HIV	131	2.09237948	0.98034939
HIV	132	1.08188570	0.40189345
HIV	133	0.87182271	1.82851713
HIV	134	0.09791235	3.22387524
HIV	135	0.11144651	3.40381034
HIV	136	0.16450786	2.31299569
HIV	137	0.18965368	1.25797057
HIV	138	0.15251910	0.56696024
HIV	139	0.45005277	0.99087196
HIV	140	0.14068819	0.50670423
HIV	141	0.05768988	0.16209319
HIV	142	0.19660569	0.46276980
HIV	143	0.38410205	1.08036600
HIV	144	0.08868335	0.27558990
HIV	145	0.06049375	0.31767693
HIV	146	2.59868467	1.00229196
HIV	147	7.59894663	0.65277918
HIV	148	2.84773528	0.83135135
HIV	149	0.84519881	0.87485175
HIV	150	0.02944521	0.22382369
HIV	151	0.05821352	0.30828371
HIV	152	0.15002009	0.52166673
HIV	153	1.60072696	0.76572480
HIV	154	0.15125756	0.42637456
HIV	155	0.44871734	1.64686988
HIV	156	0.76854812	1.16354688
HIV	157	0.61509061	2.02648242
HIV	158	0.16443766	0.60090397
HIV	159	0.16338305	0.50191782
HIV	160	0.30185842	0.99718762
HIV	161	0.73057984	1.42538448
HIV	162	1.05464561	2.26355961
HIV	163	2.28824427	2.44488064
HIV	164	0.22773413	0.41041074
HIV	165	0.28499331	0.51664796
HIV	166	0.23560296	0.42731997
HIV	167	0.31858874	0.55395633
HIV	168	0.23541364	0.41348290
HIV	169	0.31201226	0.46770575
HIV	170	0.41762170	0.57964609
HIV	171	0.30389757	0.45404591
HIV	172	0.64671372	0.81248835
HIV	173	0.99249462	0.99147042
HIV	174	3.38639298	2.92975313
HIV	175	2.47036350	2.45344506
HIV	176	4.52326184	4.23039978
HIV	177	4.74887408	4.40342058
HIV	178	2.51732712	2.29565052
HIV	179	3.45540432	4.53652388
HIV	180	4.43785127	4.61639604
HIV	45	1.07404855	0.66629130
HIV	46	0.03008605	0.16468942
HIV	47	0.57563755	0.36026200
HIV	48	0.00978271	0.05876196
HIV	49	0.15337901	0.33099788
HIV	50	0.24161044	0.20554789
HIV	51	0.30981761	0.13473924
HIV	52	0.06490192	0.00728408
HIV	53	0.06956010	0.07664483
HIV	54	0.00000000	0.18596221
HIV	55	0.38992771	0.06841045
HIV	56	0.00000000	0.00000000
HIV	57	1.34258267	0.81798082
HIV	58	3.88372492	5.19200343
HIV	59	3.95705882	2.96485991
HIV	60	3.30321938	2.98750541
HIV	61	0.58605910	0.33949749
HIV	62	0.00000000	0.10570807
HIV	63	0.58711094	0.15267617
HIV	64	0.00000000	0.04949697
HIV	65	0.00000000	0.12417143
HIV	66	0.00000000	0.08715122
HIV	67	0.72126980	0.16173315
HIV	68	5.31993053	4.50348509
HIV	69	0.92943515	0.65028408
HIV	70	0.29597753	0.27144846
HIV	71	1.05674101	0.76037024
HIV	72	3.33020425	2.74657589
HIV	73	2.12584296	1.80009399
HIV	74	0.67373950	0.84516795
HIV	75	0.98804064	0.74558330
HIV	76	2.57345952	1.93690481
HIV	77	0.72229364	0.57810385
HIV	78	0.58932458	0.48872856
HIV	79	0.07883698	0.29557282
HIV	80	0.04812868	0.26268361
HIV	81	0.05178191	0.27022046
HIV	82	0.00000000	0.22775671
HIV	83	0.00000000	0.19903014
HIV	84	0.00000000	0.28524052
HIV	85	1.86313515	1.43845325
HIV	86	4.16223167	3.21700217
HIV	87	5.25405042	3.62679537
HIV	88	3.19477361	2.38124060
HIV	89	3.99172128	2.72615316
HIV	90	0.94009929	0.86369843
HIV	91	0.00000000	0.29649738
HIV	92	0.02574456	0.29838057
HIV	93	0.04934516	0.34311612
HIV	94	0.16028580	0.56082435
HIV	95	1.09563451	0.87210966
HIV	96	1.62724689	1.42616689
HIV	97	0.50253077	0.63647081
HIV	98	0.33769506	0.60816055
HIV	99	0.58613014	0.84850944
HIV	100	0.22603018	0.65434491
HIV	101	0.13619696	0.45168888
HIV	102	0.22365946	0.43608436
HIV	103	1.20576329	0.41585403
HIV	104	1.02780508	2.82642590
HIV	105	1.06219205	1.55528508
HIV	106	1.03964471	0.89812343
HIV	107	0.41165309	1.08456842
HIV	108	0.26711121	0.71259812
HIV	109	0.34084776	1.11791933
HIV	110	0.49863494	2.25562632
TPP_Thim	27	0.34467699	0.52181924
TPP_Thim	28	1.08523694	1.26825011
TPP_Thim	29	1.59115753	1.83339719
TPP_Thim	30	0.80714992	1.27796515
TPP_Thim	31	2.66170890	2.86857546
TPP_Thim	32	0.13848941	0.45055290
TPP_Thim	33	0.12081158	0.00815143
TPP_Thim	34	0.19947505	0.15617863
TPP_Thim	35	0.08224365	0.06149495
TPP_Thim	36	0.14239703	0.08257329
TPP_Thim	37	0.17009740	0.09318340
TPP_Thim	38	0.33581510	0.10205012
TPP_Thim	39	0.62976391	0.10490237
TPP_Thim	40	0.63748024	0.04190944
TPP_Thim	41	0.65035399	0.00000000
TPP_Thim	42	0.64479586	0.57962236
TPP_Thim	43	2.89385552	3.02258063
TPP_Thim	44	1.25314483	4.24050787
TPP_Thim	45	4.68605714	10.29520698
TPP_Thim	46	0.06680446	0.00000000
TPP_Thim	47	0.15647461	0.00000000
TPP_Thim	48	0.16635024	0.22042659
TPP_Thim	49	0.57851424	0.23127178
TPP_Thim	50	0.15971995	0.02720893
TPP_Thim	51	0.82358487	1.58627697
TPP_Thim	52	0.59559192	0.55031688
TPP_Thim	53	0.45899286	3.00412676
TPP_Thim	54	0.61159772	0.58090772
TPP_Thim	55	0.62763977	0.12760263
TPP_Thim	56	0.25381651	0.14346869
TPP_Thim	57	0.27819518	0.15754142
TPP_Thim	58	0.42254667	0.16047719
TPP_Thim	59	0.68270710	0.55375445
TPP_Thim	60	1.57414705	1.85075964
TPP_Thim	61	0.55168890	2.21330734
TPP_Thim	62	0.24574000	0.06906885
TPP_Thim	63	0.39102284	0.26717105
TPP_Thim	64	0.30449090	0.25121747
TPP_Thim	65	0.42008183	0.31365700
TPP_Thim	66	1.21849970	0.45778280
TPP_Thim	67	0.73890326	0.33795800
TPP_Thim	68	3.41985955	0.59733737
TPP_Thim	69	2.31833969	0.58705044
TPP_Thim	70	1.63360569	0.43730858
TPP_Thim	71	4.92787022	0.37774497
TPP_Thim	72	0.00106085	0.26970672
TPP_Thim	73	0.09587191	0.26790084
TPP_Thim	74	0.44013869	0.28249825
TPP_Thim	75	3.16284192	0.81343639
TPP_Thim	76	0.36141434	0.09451482
TPP_Thim	77	0.50459390	0.16757075
TPP_Thim	78	1.49696273	10.05926846
TPP_Thim	79	1.51666060	0.16861331
TPP_Thim	80	0.39139176	0.29452095
TPP_Thim	81	0.36067590	0.34982652
TPP_Thim	82	1.13254000	0.64406559
TPP_Thim	83	1.37023096	0.76160881
TPP_Thim	84	4.46411974	1.71380353
yitj_SAM	31	1.56389401	2.01687147
yitj_SAM	32	0.38908462	0.13252300
yitj_SAM	33	1.29224875	0.49808525
yitj_SAM	34	0.16859131	0.00000000
yitj_SAM	35	0.87423145	0.08427906
yitj_SAM	36	0.78511148	0.16043726
yitj_SAM	37	0.61409266	0.42384345
yitj_SAM	38	0.29347558	0.90750673
yitj_SAM	39	0.69118947	2.23792239
yitj_SAM	40	0.62818548	5.23342655
yitj_SAM	41	0.59181633	3.36948558
yitj_SAM	42	0.13473879	0.00000000
yitj_SAM	43	0.43385552	0.00000000
yitj_SAM	44	0.13879376	0.00000000
yitj_SAM	45	0.05442117	0.00000000
yitj_SAM	46	0.02531095	0.00000000
yitj_SAM	47	0.03760048	0.00000000
yitj_SAM	48	0.03677699	0.00000000
yitj_SAM	49	0.05162982	0.00306555
yitj_SAM	50	0.07617633	0.05813991
yitj_SAM	51	0.07103488	0.04222536
yitj_SAM	52	0.17375588	0.07638743
yitj_SAM	53	0.04838850	0.02283490
yitj_SAM	54	0.10487890	0.04438676
yitj_SAM	55	0.21396446	0.06040088
yitj_SAM	56	0.17937150	0.04518132
yitj_SAM	57	0.05920325	0.02885181
yitj_SAM	58	0.03899249	0.02415387
yitj_SAM	59	0.00000000	0.00000000
yitj_SAM	60	0.09813345	0.00000000
yitj_SAM	61	0.00000000	0.06255704
yitj_SAM	62	0.05564856	0.43726846
yitj_SAM	63	0.82211286	1.88691084
yitj_SAM	64	8.07556525	4.90622481
yitj_SAM	65	3.15536761	4.15349874
yitj_SAM	66	0.00000000	0.00000000
yitj_SAM	67	0.00000000	0.00000000
yitj_SAM	68	0.01900611	0.00000000
yitj_SAM	69	0.00000000	0.05873061
yitj_SAM	70	0.06017049	0.00000180
yitj_SAM	71	0.00000000	0.02758943
yitj_SAM	72	0.01794907	0.02745700
yitj_SAM	73	0.07169420	0.06675663
yitj_SAM	74	0.07126931	0.04829196
yitj_SAM	75	0.11471938	0.07660879
yitj_SAM	76	0.06456588	0.08922888
yitj_SAM	77	0.59319627	0.12139714
yitj_SAM	78	0.92332455	0.14433271
yitj_SAM	79	0.21523698	0.04522721
yitj_SAM	80	0.04676202	0.10170182
yitj_SAM	81	0.55935920	0.37335196
yitj_SAM	82	0.60390394	0.54018562
yitj_SAM	83	0.99109961	1.56945154
yitj_SAM	84	1.94100229	2.60228805
yitj_SAM	85	1.14167228	1.57074821
yitj_SAM	86	1.13448452	1.25442200
yitj_SAM	87	0.15343837	0.07057000
yitj_SAM	88	0.11904257	0.00000000
yitj_SAM	89	0.00000000	0.00000000
yitj_SAM	90	0.00000000	0.00000000
yitj_SAM	91	0.00000000	0.42354968
yitj_SAM	92	1.18196755	3.02901727
yitj_SAM	93	10.34471006	9.67465843
yitj_SAM	94	6.32827275	6.56378131
yitj_SAM	95	3.19717419	3.76521186
yitj_SAM	96	4.50913948	3.78257621
yitj_SAM	97	1.32986606	1.99267493
yitj_SAM	98	0.00000000	0.07158884
yitj_SAM	99	0.06486379	0.00000000
yitj_SAM	100	0.01791166	0.02273058
yitj_SAM	101	0.14996936	0.15206161
yitj_SAM	102	0.43862548	0.38774913
yitj_SAM	103	0.14862274	0.08709930
yitj_SAM	104	0.00009288	0.01504652
yitj_SAM	105	0.11326605	0.12442541
yitj_SAM	106	1.38528976	0.79276008
yitj_SAM	107	1.53600938	1.95545628
yitj_SAM	108	2.88092859	5.73274711
yitj_SAM	109	2.43113581	0.00000000
yitj_SAM	110	0.00000000	0.00000000
yitj_SAM	111	0.24884107	0.17155102
yitj_SAM	112	0.15449244	0.16006439
yitj_SAM	113	0.40916273	0.23469207
yitj_SAM	114	2.31899103	0.40030296
yitj_SAM	115	1.81893449	0.39227019
yitj_SAM	116	1.36639422	0.24713154
yitj_SAM	117	0.45848064	0.12355933
yitj_SAM	118	1.03524757	0.22152255
yitj_SAM	119	0.09835729	0.11907537
yitj_SAM	120	0.43340739	0.44637832
yitj_SAM	121	1.55956842	1.31412525
yitj_SAM	122	1.64770847	2.45704995
yitj_SAM	123	0.45700048	0.00000000
yitj_SAM	124	0.61983221	0.21241569
yitj_SAM	125	0.57648385	0.17206897
yitj_SAM	126	0.28715988	0.06172256
yitj_SAM	127	0.24045677	0.00492305
yitj_SAM	128	0.55062603	0.16702680
yitj_SAM	129	0.92126610	2.48803328
yitj_SAM	130	2.50724243	7.72957744
yitj_SAM	131	5.90530296	13.12944740
yitj_SAM	132	1.61408803	1.07301548
yitj_SAM	133	0.85718184	3.32572727
yitj_SAM	134	0.51461141	0.39056319
yitj_SAM	135	0.17477054	0.00000000
yitj_SAM	136	0.25829469	0.22515101
yitj_SAM	137	0.40444714	0.33528704
yitj_SAM	138	0.43335568	0.33595079
yitj_SAM	139	0.33361585	0.24529115
yitj_SAM	140	0.46282784	0.31758301
yitj_SAM	141	0.83674035	0.59093347
yitj_SAM	142	1.40955598	0.36386945
yitj_SAM	143	1.98293315	0.66424235
yitj_SAM	144	4.07515745	0.91399392
yitj_SAM	145	7.12599421	1.61957987
yitj_SAM	146	2.87712954	0.97082924
yitj_SAM	147	3.14695461	1.09710029
ypaA_FMN	24	0.66200000	0.76800000
ypaA_FMN	25	0.72400000	0.00000000
ypaA_FMN	26	3.03000000	0.42900000
ypaA_FMN	27	2.35000000	0.09620000
ypaA_FMN	28	1.38000000	0.15000000
ypaA_FMN	29	0.88800000	0.17100000
ypaA_FMN	30	0.18400000	0.07810000
ypaA_FMN	31	0.25600000	0.32000000
ypaA_FMN	32	0.11700000	0.21000000
ypaA_FMN	33	0.00545000	0.11300000
ypaA_FMN	34	0.03140000	0.14700000
ypaA_FMN	35	0.05040000	0.05970000
ypaA_FMN	36	0.07980000	0.12500000
ypaA_FMN	37	0.02280000	0.06060000
ypaA_FMN	38	0.01940000	0.05240000
ypaA_FMN	39	0.00000000	0.08060000
ypaA_FMN	40	0.06410000	0.11200000
ypaA_FMN	41	0.22300000	0.22300000
ypaA_FMN	42	0.25300000	0.18200000
ypaA_FMN	43	0.02710000	0.14100000
ypaA_FMN	44	0.09100000	0.09800000
ypaA_FMN	45	0.05900000	0.03670000
ypaA_FMN	46	0.04680000	0.05680000
ypaA_FMN	47	0.06470000	0.06840000
ypaA_FMN	48	0.02850000	0.08680000
ypaA_FMN	49	0.06510000	0.08920000
ypaA_FMN	50	0.03800000	0.08200000
ypaA_FMN	51	0.04590000	0.05480000
ypaA_FMN	52	0.00000000	0.02170000
ypaA_FMN	53	0.00000000	0.02410000
ypaA_FMN	54	0.21200000	0.00822000
ypaA_FMN	55	0.00000000	0.00000000
ypaA_FMN	56	0.00000000	0.00000000
ypaA_FMN	57	0.00000000	0.00000000
ypaA_FMN	58	0.00000000	0.00000000
ypaA_FMN	59	0.00000000	0.00000000
ypaA_FMN	60	0.00000000	0.00000000
ypaA_FMN	61	0.93600000	0.00000000
ypaA_FMN	62	6.17000000	6.29000000
ypaA_FMN	63	7.63000000	8.40000000
ypaA_FMN	64	7.94000000	10.50000000
ypaA_FMN	65	4.36000000	8.36000000
ypaA_FMN	66	0.05980000	0.00000000
ypaA_FMN	67	0.00000000	0.00000000
ypaA_FMN	68	0.00000000	0.00000000
ypaA_FMN	69	0.00000000	0.00000000
ypaA_FMN	70	0.00000000	0.01160000
ypaA_FMN	71	0.00000000	0.00000000
ypaA_FMN	72	0.00000000	0.00000000
ypaA_FMN	73	0.00000000	0.02880000
ypaA_FMN	74	0.00000000	0.08200000
ypaA_FMN	75	0.00000000	0.00785000
ypaA_FMN	76	0.23900000	0.28100000
ypaA_FMN	77	0.04120000	0.14100000
ypaA_FMN	78	0.00000000	0.05460000
ypaA_FMN	79	0.27300000	0.06400000
ypaA_FMN	80	1.64000000	0.13000000
ypaA_FMN	81	1.88000000	0.24100000
ypaA_FMN	82	0.26500000	0.03580000
ypaA_FMN	83	0.00000000	0.00000000
ypaA_FMN	84	0.00000000	0.00000000
ypaA_FMN	85	0.00672000	0.00000000
ypaA_FMN	86	3.40000000	3.10000000
ypaA_FMN	87	3.29000000	4.88000000
ypaA_FMN	88	5.68000000	7.13000000
ypaA_FMN	89	8.10000000	9.83000000
ypaA_FMN	90	4.59000000	4.99000000
ypaA_FMN	91	0.00000000	0.00000000
ypaA_FMN	92	0.00000000	0.00000000
ypaA_FMN	93	0.00000000	0.00000000
ypaA_FMN	94	0.17200000	0.11100000
ypaA_FMN	95	0.14500000	0.14700000
ypaA_FMN	96	0.48900000	0.27700000
ypaA_FMN	97	0.24900000	0.30500000
ypaA_FMN	98	0.08140000	0.09030000
ypaA_FMN	99	0.10400000	0.13300000
ypaA_FMN	100	0.12900000	0.14200000
ypaA_FMN	101	0.10600000	0.14700000
ypaA_FMN	102	0.14200000	0.20000000
ypaA_FMN	103	0.15000000	0.18400000
ypaA_FMN	104	0.14700000	0.19400000
ypaA_FMN	105	0.16900000	0.21800000
ypaA_FMN	106	0.18100000	0.22300000
ypaA_FMN	107	0.17200000	0.23200000
ypaA_FMN	108	0.12100000	0.13700000
ypaA_FMN	109	0.12300000	0.12900000
ypaA_FMN	110	0.07410000	0.04240000
ypaA_FMN	111	0.07410000	0.00000000
ypaA_FMN	112	0.47900000	0.00978000
ypaA_FMN	113	1.69000000	3.12000000
ypaA_FMN	114	0.21200000	0.09450000
ypaA_FMN	115	0.18000000	0.17700000
ypaA_FMN	116	0.24400000	0.34900000
ypaA_FMN	117	0.16600000	0.20900000
ypaA_FMN	118	0.19500000	0.23500000
ypaA_FMN	119	0.22400000	0.34100000
ypaA_FMN	120	1.12000000	0.32400000
ypaA_FMN	121	0.28500000	0.38000000
ypaA_FMN	122	0.21300000	0.23500000
ypaA_FMN	123	0.31300000	0.40700000
ypaA_FMN	124	0.25600000	0.30900000
ypaA_FMN	125	0.49200000	0.41200000
ypaA_FMN	126	0.28500000	0.34700000
ypaA_FMN	127	0.28200000	0.36900000
ypaA_FMN	128	0.28200000	0.42600000
ypaA_FMN	129	0.13500000	0.20300000
ypaA_FMN	130	0.13000000	0.32900000
ypaA_FMN	131	0.20100000	0.29100000
ypaA_FMN	132	2.33000000	0.31700000
ypaA_FMN	133	4.52000000	0.10300000
ypaA_FMN	134	5.71000000	1.89000000
ypaA_FMN	135	6.69000000	25.50000000
ypaA_FMN	136	5.86000000	0.00000000
ypaA_FMN	137	5.18000000	0.45200000
ypaA_FMN	138	7.16000000	1.16000000
ypaA_FMN	139	0.98700000	0.25900000
ypaA_FMN	140	0.41000000	0.73500000
ypaA_FMN	141	0.53700000	0.63200000
ypaA_FMN	142	0.53400000	0.40200000
ypaA_FMN	143	0.77300000	0.87200000
ypaA_FMN	144	1.05000000	1.22000000
ypaA_FMN	145	1.45000000	1.79000000
ypaA_FMN	146	2.07000000	7.45000000
ydaO_ATP	82	0.22193244	0.51065232
ydaO_ATP	83	0.00000000	0.00000000
ydaO_ATP	84	0.11316575	0.33803134
ydaO_ATP	85	0.15847118	0.52610291
ydaO_ATP	86	0.42227594	0.19433374
ydaO_ATP	87	0.49513364	0.03655614
ydaO_ATP	88	0.00000000	0.00259970
ydaO_ATP	89	0.10516999	0.00000013
ydaO_ATP	90	0.60613245	0.00000000
ydaO_ATP	91	0.26425294	0.00000000
ydaO_ATP	92	0.40593216	0.00000000
ydaO_ATP	93	0.66624918	0.00000000
ydaO_ATP	94	0.00000000	0.00000000
ydaO_ATP	95	0.01113935	0.00000000
ydaO_ATP	96	0.28170317	0.44314549
ydaO_ATP	97	0.75049615	1.46665383
ydaO_ATP	98	1.16589610	2.00891168
ydaO_ATP	99	0.81540787	1.53944222
ydaO_ATP	100	0.61991126	2.82402134
ydaO_ATP	101	6.85205955	10.55832137
ydaO_ATP	102	0.32039941	0.65429533
ydaO_ATP	103	0.00000000	0.00000000
ydaO_ATP	104	0.00000000	0.00000000
ydaO_ATP	105	0.45987475	0.00000000
ydaO_ATP	106	0.16621143	0.00000000
ydaO_ATP	107	0.00000196	0.00000000
ydaO_ATP	108	0.00000000	0.00000000
ydaO_ATP	109	0.00000000	0.00000000
ydaO_ATP	110	0.00000000	0.00000000
ydaO_ATP	111	0.49753927	0.00000000
ydaO_ATP	112	0.96752936	1.71679699
ydaO_ATP	113	2.50505488	6.41836522
ydaO_ATP	114	0.15374608	0.00000000
ydaO_ATP	115	0.24024209	0.00000000
ydaO_ATP	116	0.23393026	0.00000000
ydaO_ATP	117	0.76883544	0.00000000
ydaO_ATP	118	0.35708149	0.00000000
ydaO_ATP	119	0.75583478	0.00421766
ydaO_ATP	120	0.00000000	0.00000000
ydaO_ATP	121	3.23289226	1.72282115
ydaO_ATP	122	0.00000000	0.00999273
ydaO_ATP	123	0.00000000	0.00000000
ydaO_ATP	124	0.00000000	0.00000000
ydaO_ATP	125	0.00000000	0.02477027
ydaO_ATP	126	0.32059113	0.29169787
ydaO_ATP	127	0.11405271	0.13610943
ydaO_ATP	128	0.78064284	0.05342312
ydaO_ATP	129	0.46515139	0.00000000
ydaO_ATP	130	0.76031262	0.01957600
ydaO_ATP	131	0.00000000	0.00000000
ydaO_ATP	132	0.00000000	0.00000000
ydaO_ATP	133	13.10572167	26.70738993
ydaO_ATP	134	2.30264596	4.49484388
ydaO_ATP	135	4.17437681	0.00000000
ydaO_ATP	136	0.59219646	0.00000000
ydaO_ATP	137	0.27042951	0.00000112
ydaO_ATP	138	0.00000000	0.00000000
ydaO_ATP	139	0.19343655	0.00000000
ydaO_ATP	140	0.83367905	0.35176702
ydaO_ATP	141	0.14256071	0.13275163
ydaO_ATP	142	0.00000000	0.00000000
ydaO_ATP	143	0.06273847	0.07690307
ydaO_ATP	144	0.07680319	0.05619898
ydaO_ATP	145	0.00640365	0.04045973
ydaO_ATP	146	1.27844088	0.11078752
ydaO_ATP	147	0.39514653	0.06304080
ydaO_ATP	148	0.37750888	0.11954344
ydaO_ATP	149	0.12372319	0.07326649
ydaO_ATP	150	0.04820921	0.03905395
ydaO_ATP	151	0.04820549	0.13181096
ydaO_ATP	152	0.00000000	0.09233424
ydaO_ATP	153	9.57489643	1.75550074
ydaO_ATP	154	3.99186216	7.03703641
ydaO_ATP	155	1.28932787	2.28874486
ydaO_ATP	156	4.74683453	0.51633405
ydaO_ATP	157	3.09561824	0.23205937
ydaO_ATP	158	2.50593419	0.07026689
ydaO_ATP	159	1.70804710	2.10906697
